PLO优化后最优F1为: 0.9008224010467529
优化后最优初始化参数: [0.000493104458, 144, 0.00167104645, 0.395673384]
abc优化后最优F1为: 0.9554843306541443
优化后最优初始化参数: [0.0009009361, 400, 0.0001244259, 0.0665064361]
BWOA优化后最优F1为: 0.9537075757980347
优化后最优初始化参数: [0.000895619110, 261, 0.000181978369, 0.0330378288]
GOA优化后最优F1为: 0.9569284915924072
优化后最优初始化参数: [0.0008604770, 397, 0.0001172572, 0.4106046590]
ACO优化后最优F1为: 0.9616876840591431
优化后最优初始化参数: [0.0009993687, 390, 0.0001001703, 0.3382972160]
人类进化优化后最优F1为: 0.9612560868263245
优化后最优初始化参数: [1.00000000e-03 3.99803100e+02 1.00037734e-04 1.00000000e-02]
GJO优化后最优F1为: 0.9514288306236267
优化后最优初始化参数: [0.000862400625, 28, 0.000399418487, 0.0212066308]
SWO优化后最优F1为: 0.9107386469841003
优化后最优初始化参数: [0.000462200095, 235, 0.000401569047, 0.678377676]
MGO优化后最优F1为: 0.9290668964385986
优化后最优初始化参数: [0.00085155934, 282, 0.000765401916, 0.433856331]
